4.850327178256621963e+00
6.848267583883947296e+00
5.210944579836551682e+00
3.233215222075699113e+00
5.897096941853664731e+00
7.629650956655302352e+00
-4.953898141910515474e-01
8.159821201587657669e+00
6.006895592063975720e+00
6.005740168534201118e+00
9.237675468825123914e+00
-3.927877756397357700e-03
9.041611702607381673e+00
1.387341217391892645e+00
8.136739212764434459e-01
4.172044836708691307e+00
1.165638609758492095e+00
3.582125401037927759e+00
4.726803020674331002e+00
4.089668950066265851e-01
4.290889137496524341e+00
4.315675385108691309e+00
6.084072557755018984e+00
1.501367064049112576e+00
7.887318597398504938e-01
-4.714694690751508599e-01
1.774107057684483735e+00
4.412607631170569533e+00
5.068356325948126795e+00
6.810884052655161724e-01
5.486939427818301240e+00
7.690203179160623570e+00
9.125742454449209617e+00
7.500691358417268972e+00
9.449057662002364744e-01
2.320352556034750879e+00
6.558301471772987057e+00
3.262308075165714083e+00
-3.355407279487510053e-01
5.479223783132843861e-01
7.618472303592408679e+00
3.240814646902165475e+00
-3.986416148417910588e-01
8.608757383107379368e+00
8.726771071390819756e+00
-2.680250878353067634e-01
5.275396449850120462e+00
5.563161463599430867e+00
3.305879248055860753e+00
6.434193623505916726e+00
6.373809659036711928e+00
7.257519079252347183e+00
6.451236539484616062e-01
9.470571935915295114e+00
9.853678882348983592e+00
3.502606197027343438e+00
2.467936970214724024e+00
1.817538028561818397e-01
-1.205341136862663198e-01
6.737425662049654207e-01
-3.717207522914540707e-01
9.319199936957627273e+00
6.919068005103573560e-01
4.554752531622908940e+00
1.090777667429968067e+00
1.298065098841230391e-01
-2.110047653085689312e-02
-7.104863659926397013e-02
6.671657281880726487e+00
-2.795368917751783755e-04
1.060418688491762129e+00
8.014305724492746252e-01
5.700968011507696609e+00
3.773652623527242067e+00
8.151733545793096170e-01
6.855193590365169509e-01
9.307565985993798918e+00
6.163988210345446639e+00
9.841344749106384349e-01
8.033904166517496392e+00
1.388577360696183982e+00
-1.818559471708045550e-01
-4.765806299761057296e-01
4.523139358203554505e-01
5.541947359624813663e-01
6.257373189328736984e+00
8.050802390235787698e+00
4.296624310624639898e-01
8.656915363669950292e-01
3.659973670032748316e+00
2.716808935991826157e+00
7.468186708887329495e+00
9.546506192431326809e+00
9.976619302398788136e+00
6.751524385360343494e+00
5.080552971376557814e+00
7.552074895585523251e-01
6.669656002944876150e+00
1.820740770428783684e+00
6.798112745408566582e-01
